r = [1 2 3;5 6 7;8 9 0]
t = [5 6 9;4 8 9;1 2 4]
r+t
r*t
